Calibrado!
Valor de calibracao:563
Valor de Vcc:4.48
2.72

2.71
2.89
2.85
2.86

2.90

2.92
2.78
3.04
3.25
3.32
3.07

3.11
2.70
1.60
2.68
2.99

4.43
3.15
2.91

3.16
3.32

3.07

3.36
3.57
3.33
3.24
3.45
2.80

3.14

2.88
3.12
3.12

3.35
3.16
3.04
3.06

3.28
3.04
3.26

3.04
3.24
3.00
2.98
2.91
3.47

5.13
5.11
5.15
5.05
5.18

5.06
5.01

4.84
5.06
4.94
4.87
5.56
4.69
4.98
4.76
4.94
5.27
5.10
5.05
5.05
5.10
4.70
4.41
5.30
4.90
5.43
5.31
5.29

5.15
4.92
5.50
5.11
5.05
5.47
4.47

4.80

4.66
5.09
5.09
5.26
5.13

4.95
4.69
4.42
5.17
5.22
4.91
4.98
41.44
41.17
41.10

41.71
41.63

41.79
41.54
41.85
41.32
41.50
17.37
4.61

20.81
30.14

34.26
35.85

36.38
36.65

36.72
36.87

36.88
36.94
36.88

36.94
37.02

36.98
37.18
37.10

37.21
37.09

37.13
37.18

37.19
37.33

37.24
37.23
37.23
37.21
37.35
37.19
37.27
37.31
37.37

37.34
37.33

37.25
37.17
37.17
37.31
37.28
37.43
37.30

37.45
37.43

37.34
37.33
37.48
37.35
37.32
37.35
37.35
37.35
37.36

37.44
37.69

37.51
37.34

37.45
37.55

37.57
37.52
37.50

37.57
37.48
37.41
37.31

37.46
37.56
37.46

37.39
37.41
37.43
37.35
37.39

37.50
